0,199
0,336
0,335
0,59
0,58
0,57
0,56
0,55
0,54
0,53
0,52
0,51
0,50
0,49
0,48
0,47
0,334
0,333
0,332
0,331
0,330
0,238
0,237
0,236
0,46
0,45
0,6
19,1
19,3
0,329
5,1
5,3
16,1
16,3
9,1
9,3
10,1
10,3
0,328
0,327
35,3
35,1
35,4
0,326
0,325
0,324
0,323
0,321
0,320
0,319
0,318
34,1
34,3
0,317
0,316
0,315
0,314
33,2
0,313
0,312
33,3
33,1
33,4
0,311
0,309
0,306
0,301
0,429
32,2
0,428
0,427
0,426
0,425
0,424
0,423
32,1
32,3
0,422
0,421
0,420
0,419
0,418
0,417
0,416
0,415
14,1
14,3
0,414
0,413
21,1
21,3
12,1
12,3
15,1
15,3
2,3
1,1
1,3
0,412
6,1
6,4
26,3
0,11
0,304
0,303
31,4
31,0
0,411
0,10
0,8
0,410
31,3
0,409
0,408
0,407
0,243
0,406
0,1
0,405
2,5
2,1
2,4
2,2
2,0
0,404
0,394
37,4
37,3
37,2
0,403
37,1
37,0
0,393
0,392
0,391
0,390
0,389
0,402
0,401
0,400
36,4
36,3
36,2
0,399
36,1
36,0
0,387
0,386
0,372
0,385
0,398
0,322
0,0
0,371
0,370
0,397
0,384
0,383
0,396
0,382
0,395
0,380
0,369
0,300
0,299
0,298
0,297
0,296
0,295
0,294
0,293
0,292
0,291
0,290
0,289
0,288
0,287
0,286
0,285
0,284
0,283
0,282
0,281
0,280
0,279
0,278
0,277
0,276
0,275
0,274
0,273
0,272
0,271
0,270
0,269
0,268
0,267
0,266
0,265
0,264
0,263
0,262
0,261
0,260
0,259
0,258
0,257
0,256
0,255
0,254
0,253
0,252
0,251
0,250
0,249
0,248
0,247
0,246
0,245
0,244
0,242
0,241
0,240
0,239
0,235
0,234
0,233
0,232
0,231
0,230
0,229
0,228
0,227
0,226
0,225
0,224
0,223
0,222
0,221
0,220
0,219
0,218
0,217
0,216
0,215
0,214
0,213
0,212
0,211
0,210
